Tutte -> 0.0959573171431
1) no 10 -> 0.0979196201302
2) no 1 -> 0.0980271169493
3) no 2 -> 0.0976637831683
4) no 3 -> 0.0812100059663 
5) no 3,4 -> 0.0821312217218
6) no 3,5 -> 0.0824128587751
7) no 3,6 -> 0.0817089632298
8) no 3,7 -> 0.0812887778986
9) no 3,8 -> 0.0826751898691
10) no 3,9 -> 0.0789935546608
11) no 3,9,11 -> 0.0796681852517
12) no 3,9,12 -> 0.0807215790493
13) no 3,9,14 -> 0.0797501683937
14) no 3,9,16 -> 0.0793761901421
15) no 3,9,17 -> 0.0790209118491
16) no 3,9,18 -> 0.079734083525
17) no 3,9,19 -> 0.0732360565484
18) no 3,9,19,20 -> 0.0735267015644
19) no 3,9,19,21 -> 0.0744707872673
20) no 3,9,19,23 -> 0.0739549547646
21) no 3,9,19,25 -> 0.0731457095409 
22) no 3,9,19,25,27 -> 0.0726561281201
23) no 3,9,19,25,27,28 -> 0.0684192650523
24) no 3,9,19,25,27,28,29 -> 0.0696794786917
25) no 3,9,19,25,27,28,30 -> 0.0639077785167
26) no 3,9,19,25,27,28,30,32 -> 0.0649688093277
27) no 3,9,19,25,27,28,30,33 -> 0.06272616107 
28) no 3,9,19,25,27,28,30,33,34 -> 0.06410466142
29) no 3,9,19,25,27,28,30,33,35 -> 0.0642567002924
30) no 3,9,19,25,27,28,30,33,36 -> 0.0629689061361
31) no 3,9,19,25,27,28,30,33,37 -> 0.0479449916063 
32) no 3,9,19,25,27,28,30,33,37,38 -> 0.0482216853936
33) no 3,9,19,25,27,28,30,33,37,39 -> 0.0475457363484
33) no 3,9,19,25,27,28,30,33,37,39,40 -> 0.0467813897933 <-----

